ARCHIVO GKD-c_1_n500_m50.txt CON SEMILLA 26532156 UTILIZANDO EL ALGORITMO btabu

*CALCULAMOS SELECCIONADOS: 
368 0 0 0 0 0 49 0 -2144485432 1 -2144485432 1 -1 0 2097200 540028978 48 0 418 0 96 1144883497 84 1144932328 302 1144932927 282 1144944918 391 1144949429 231 1144952507 328 1144986996 378 1145002692 427 1145003028 78 1145003424 474 1145004499 75 1145007655 329 1145009071 421 1145025879 186 1145046355 
Elemento: 295 con un valor de 19.493589

Seleccionamos el elemento 295

*CALCULAMOS SELECCIONADOS: 
368 295 60 0 -1 387 129 0 2 0 2 0 -1 959520869 2109741 540095543 0 136 81 0 0 0 65 0 0 0 0 0 0 0 0 0 0 0 0 0 128 0 530 0 0 0 0 0 0 0 0 0 0 0 
Elemento: 65 con un valor de 35.053032

Seleccionamos el elemento 65

*CALCULAMOS SELECCIONADOS: 
368 295 65 0 -1 959520869 97 0 2 0 2 0 -1 775238432 2109741 540095543 -256 0 49 0 892739642 0 33 0 0 0 0 0 96 0 530 0 0 0 0 0 0 0 0 0 0 0 0 0 0 0 0 0 0 0 
Elemento: 279 con un valor de 51.672600

Seleccionamos el elemento 279

*CALCULAMOS SELECCIONADOS: 
368 295 65 279 -1 959520869 97 0 -2144485336 1 -2144485336 1 -1 775238432 1835363397 1869901413 926031930 1868767289 1853169774 1818326560 1679848047 825565285 842479150 3158070 -1 0 1835363397 1869901413 96 0 530 0 0 0 0 0 0 0 0 0 0 0 0 0 0 0 0 0 0 0 
Elemento: 323 con un valor de 66.335800

Seleccionamos el elemento 323

*CALCULAMOS SELECCIONADOS: 
368 295 65 279 323 325 3355187 808990003 48 0 83 0 40 0 40 0 0 1684960615 759450439 1597071203 808465774 808807775 1954051118 1869373997 762077539 859125298 909455666 1954051118 0 0 83 0 39 0 40 0 0 6 759450439 1597071203 808465774 808807775 1954051118 1635017261 841839970 842216758 775304497 7633012 80 0 
Elemento: 325 con un valor de 87.533348

Seleccionamos el elemento 325

*CALCULAMOS SELECCIONADOS: 
368 295 65 279 323 325 3355187 808990003 48 0 83 0 40 0 40 0 0 1684960615 759450439 1597071203 808465774 808807775 1954051118 1869373997 762077539 859125298 909455666 1954051118 0 0 83 0 39 0 40 0 0 6 759450439 1597071203 808465774 808807775 1954051118 1635017261 841839970 842216758 775304497 7633012 80 0 
Elemento: 136 con un valor de 101.640533

Seleccionamos el elemento 136

*CALCULAMOS SELECCIONADOS: 
368 295 65 279 323 325 136 808990003 48 0 83 0 40 0 40 0 0 1684960615 759450439 1597071203 808465774 808807775 1954051118 1869373997 762077539 859125298 909455666 1954051118 0 0 83 0 39 0 40 0 0 6 759450439 1597071203 808465774 808807775 1954051118 1635017261 841839970 842216758 775304497 7633012 80 0 
Elemento: 87 con un valor de 121.292320

Seleccionamos el elemento 87

*CALCULAMOS SELECCIONADOS: 
368 295 65 279 323 325 136 87 48 0 83 0 40 0 40 0 0 1684960615 759450439 1597071203 808465774 808807775 1954051118 1869373997 762077539 859125298 909455666 1954051118 0 0 83 0 39 0 40 0 0 6 759450439 1597071203 808465774 808807775 1954051118 1635017261 841839970 842216758 775304497 7633012 80 0 
Elemento: 108 con un valor de 134.049881

Seleccionamos el elemento 108

*CALCULAMOS SELECCIONADOS: 
368 295 65 279 323 325 136 87 108 1818566771 1701602592 1953391981 808525935 56 -2144485464 1 80 0 419 0 96 1144883497 84 1144932328 302 1144932927 282 1144944918 391 1144949429 231 1144952507 328 1144986996 378 1145002692 427 1145003028 78 1145003424 474 1145004499 75 1145007655 329 1145009071 421 1145025879 186 1145046355 
Elemento: 170 con un valor de 152.653809

Seleccionamos el elemento 170

*CALCULAMOS SELECCIONADOS: 
368 295 65 279 323 325 136 87 108 170 1701602592 1953391981 808525935 56 -2144485464 1 80 0 419 0 96 1144883497 84 1144932328 302 1144932927 282 1144944918 391 1144949429 231 1144952507 328 1144986996 378 1145002692 427 1145003028 78 1145003424 474 1145004499 75 1145007655 329 1145009071 421 1145025879 186 1145046355 
Elemento: 248 con un valor de 168.010269

Seleccionamos el elemento 248

*CALCULAMOS SELECCIONADOS: 
368 295 65 279 323 325 136 87 108 170 248 1953391981 808525935 56 -2144485464 1 80 0 419 0 96 1144883497 84 1144932328 302 1144932927 282 1144944918 391 1144949429 231 1144952507 328 1144986996 378 1145002692 427 1145003028 78 1145003424 474 1145004499 75 1145007655 329 1145009071 421 1145025879 186 1145046355 
Elemento: 127 con un valor de 184.557678

Seleccionamos el elemento 127

*CALCULAMOS SELECCIONADOS: 
368 295 65 279 323 325 136 87 108 170 248 127 808525935 56 -2144485464 1 80 0 419 0 96 1144883497 84 1144932328 302 1144932927 282 1144944918 391 1144949429 231 1144952507 328 1144986996 378 1145002692 427 1145003028 78 1145003424 474 1145004499 75 1145007655 329 1145009071 421 1145025879 186 1145046355 
Elemento: 103 con un valor de 201.405823

Seleccionamos el elemento 103

*CALCULAMOS SELECCIONADOS: 
368 295 65 279 323 325 136 87 108 170 248 127 103 56 -2144485464 1 80 0 419 0 96 1144883497 84 1144932328 302 1144932927 282 1144944918 391 1144949429 231 1144952507 328 1144986996 378 1145002692 427 1145003028 78 1145003424 474 1145004499 75 1145007655 329 1145009071 421 1145025879 186 1145046355 
Elemento: 467 con un valor de 218.679092

Seleccionamos el elemento 467

*CALCULAMOS SELECCIONADOS: 
368 295 65 279 323 325 136 87 108 170 248 127 103 467 -2144485464 1 80 0 419 0 96 1144883497 84 1144932328 302 1144932927 282 1144944918 391 1144949429 231 1144952507 328 1144986996 378 1145002692 427 1145003028 78 1145003424 474 1145004499 75 1145007655 329 1145009071 421 1145025879 186 1145046355 
Elemento: 207 con un valor de 233.431549

Seleccionamos el elemento 207

*CALCULAMOS SELECCIONADOS: 
368 295 65 279 323 325 136 87 108 170 248 127 103 467 207 1 80 0 419 0 96 1144883497 84 1144932328 302 1144932927 282 1144944918 391 1144949429 231 1144952507 328 1144986996 378 1145002692 427 1145003028 78 1145003424 474 1145004499 75 1145007655 329 1145009071 421 1145025879 186 1145046355 
Elemento: 387 con un valor de 245.142365

Seleccionamos el elemento 387

*CALCULAMOS SELECCIONADOS: 
368 295 65 279 323 325 136 87 108 170 248 127 103 467 207 387 80 0 419 0 96 1144883497 84 1144932328 302 1144932927 282 1144944918 391 1144949429 231 1144952507 328 1144986996 378 1145002692 427 1145003028 78 1145003424 474 1145004499 75 1145007655 329 1145009071 421 1145025879 186 1145046355 
Elemento: 406 con un valor de 262.290161

Seleccionamos el elemento 406

*CALCULAMOS SELECCIONADOS: 
368 295 65 279 323 325 136 87 108 170 248 127 103 467 207 387 406 1 -2144485336 1 -1 775238432 1835363397 1869901413 842211386 1868767283 1853169774 1818326560 1679848047 909516901 892547886 3158072 -1 0 1835363397 1869901413 160 0 531 0 0 0 0 0 0 0 0 0 0 0 
Elemento: 102 con un valor de 276.742615

Seleccionamos el elemento 102

*CALCULAMOS SELECCIONADOS: 
368 295 65 279 323 325 136 87 108 170 248 127 103 467 207 387 406 102 -2144485336 1 -1 775238432 1835363397 1869901413 842211386 1868767283 1853169774 1818326560 1679848047 909516901 892547886 3158072 -1 0 1835363397 1869901413 160 0 531 0 0 0 0 0 0 0 0 0 0 0 
Elemento: 296 con un valor de 292.713135

Seleccionamos el elemento 296

*CALCULAMOS SELECCIONADOS: 
368 295 65 279 323 325 136 87 108 170 248 127 103 467 207 387 406 102 296 1 -1 775238432 1835363397 1869901413 842211386 1868767283 1853169774 1818326560 1679848047 909516901 892547886 3158072 -1 0 1835363397 1869901413 160 0 531 0 0 0 0 0 0 0 0 0 0 0 
Elemento: 309 con un valor de 309.029327

Seleccionamos el elemento 309

*CALCULAMOS SELECCIONADOS: 
368 295 65 279 323 325 136 87 108 170 248 127 103 467 207 387 406 102 296 309 -1 775238432 1835363397 1869901413 842211386 1868767283 1853169774 1818326560 1679848047 909516901 892547886 3158072 -1 0 1835363397 1869901413 160 0 531 0 0 0 0 0 0 0 0 0 0 0 
Elemento: 30 con un valor de 326.007843

Seleccionamos el elemento 30

*CALCULAMOS SELECCIONADOS: 
368 295 65 279 323 325 136 87 108 170 248 127 103 467 207 387 406 102 296 309 30 775238432 1835363397 1869901413 842211386 1868767283 1853169774 1818326560 1679848047 909516901 892547886 3158072 -1 0 1835363397 1869901413 160 0 531 0 0 0 0 0 0 0 0 0 0 0 
Elemento: 484 con un valor de 340.670441

Seleccionamos el elemento 484

*CALCULAMOS SELECCIONADOS: 
368 295 65 279 323 325 136 87 108 170 248 127 103 467 207 387 406 102 296 309 30 484 1835363397 1869901413 842211386 1868767283 1853169774 1818326560 1679848047 909516901 892547886 3158072 -1 0 1835363397 1869901413 160 0 531 0 0 0 0 0 0 0 0 0 0 0 
Elemento: 319 con un valor de 356.098083

Seleccionamos el elemento 319

*CALCULAMOS SELECCIONADOS: 
368 295 65 279 323 325 136 87 108 170 248 127 103 467 207 387 406 102 296 309 30 484 319 1869901413 842211386 1868767283 1853169774 1818326560 1679848047 909516901 892547886 3158072 -1 0 1835363397 1869901413 160 0 531 0 0 0 0 0 0 0 0 0 0 0 
Elemento: 92 con un valor de 372.136597

Seleccionamos el elemento 92

*CALCULAMOS SELECCIONADOS: 
368 295 65 279 323 325 136 87 108 170 248 127 103 467 207 387 406 102 296 309 30 484 319 92 842211386 1868767283 1853169774 1818326560 1679848047 909516901 892547886 3158072 -1 0 1835363397 1869901413 160 0 531 0 0 0 0 0 0 0 0 0 0 0 
Elemento: 230 con un valor de 385.728638

Seleccionamos el elemento 230

*CALCULAMOS SELECCIONADOS: 
368 295 65 279 323 325 136 87 108 170 248 127 103 467 207 387 406 102 296 309 30 484 319 92 230 1868767283 1853169774 1818326560 1679848047 909516901 892547886 3158072 -1 0 1835363397 1869901413 160 0 531 0 0 0 0 0 0 0 0 0 0 0 
Elemento: 175 con un valor de 400.391754

Seleccionamos el elemento 175

*CALCULAMOS SELECCIONADOS: 
368 295 65 279 323 325 136 87 108 170 248 127 103 467 207 387 406 102 296 309 30 484 319 92 230 175 1853169774 1818326560 1679848047 909516901 892547886 3158072 -1 0 1835363397 1869901413 160 0 531 0 0 0 0 0 0 0 0 0 0 0 
Elemento: 456 con un valor de 415.758667

Seleccionamos el elemento 456

*CALCULAMOS SELECCIONADOS: 
368 295 65 279 323 325 136 87 108 170 248 127 103 467 207 387 406 102 296 309 30 484 319 92 230 175 456 1818326560 1679848047 909516901 892547886 3158072 -1 0 1835363397 1869901413 160 0 531 0 0 0 0 0 0 0 0 0 0 0 
Elemento: 353 con un valor de 432.817596

Seleccionamos el elemento 353

*CALCULAMOS SELECCIONADOS: 
368 295 65 279 323 325 136 87 108 170 248 127 103 467 207 387 406 102 296 309 30 484 319 92 230 175 456 353 1679848047 909516901 892547886 3158072 -1 0 1835363397 1869901413 160 0 531 0 0 0 0 0 0 0 0 0 0 0 
Elemento: 121 con un valor de 448.957428

Seleccionamos el elemento 121

*CALCULAMOS SELECCIONADOS: 
368 295 65 279 323 325 136 87 108 170 248 127 103 467 207 387 406 102 296 309 30 484 319 92 230 175 456 353 121 909516901 892547886 3158072 -1 0 1835363397 1869901413 160 0 531 0 0 0 0 0 0 0 0 0 0 0 
Elemento: 449 con un valor de 460.312378

Seleccionamos el elemento 449

*CALCULAMOS SELECCIONADOS: 
368 295 65 279 323 325 136 87 108 170 248 127 103 467 207 387 406 102 296 309 30 484 319 92 230 175 456 353 121 449 892547886 3158072 -1 0 1835363397 1869901413 160 0 531 0 0 0 0 0 0 0 0 0 0 0 
Elemento: 141 con un valor de 476.300934

Seleccionamos el elemento 141

*CALCULAMOS SELECCIONADOS: 
368 295 65 279 323 325 136 87 108 170 248 127 103 467 207 387 406 102 296 309 30 484 319 92 230 175 456 353 121 449 141 3158072 -1 0 1835363397 1869901413 160 0 531 0 0 0 0 0 0 0 0 0 0 0 
Elemento: 421 con un valor de 490.724670

Seleccionamos el elemento 421

*CALCULAMOS SELECCIONADOS: 
368 295 65 279 323 325 136 87 108 170 248 127 103 467 207 387 406 102 296 309 30 484 319 92 230 175 456 353 121 449 141 421 -1 0 1835363397 1869901413 160 0 531 0 0 0 0 0 0 0 0 0 0 0 
Elemento: 83 con un valor de 507.684326

Seleccionamos el elemento 83

*CALCULAMOS SELECCIONADOS: 
368 295 65 279 323 325 136 87 108 170 248 127 103 467 207 387 406 102 296 309 30 484 319 92 230 175 456 353 121 449 141 421 83 1093784264 1093200731 1096225495 1090057876 1092250145 1095952163 1092008217 1095667622 1091553628 1093525224 1092400060 1096557024 1089554119 1091221649 1094287129 1093440960 1093393229 
Elemento: 474 con un valor de 522.487366

Seleccionamos el elemento 474

*CALCULAMOS SELECCIONADOS: 
368 295 65 279 323 325 136 87 108 170 248 127 103 467 207 387 406 102 296 309 30 484 319 92 230 175 456 353 121 449 141 421 83 474 1093200731 1096225495 1090057876 1092250145 1095952163 1092008217 1095667622 1091553628 1093525224 1092400060 1096557024 1089554119 1091221649 1094287129 1093440960 1093393229 
Elemento: 63 con un valor de 536.172729

Seleccionamos el elemento 63

*CALCULAMOS SELECCIONADOS: 
368 295 65 279 323 325 136 87 108 170 248 127 103 467 207 387 406 102 296 309 30 484 319 92 230 175 456 353 121 449 141 421 83 474 63 1096225495 1090057876 1092250145 1095952163 1092008217 1095667622 1091553628 1093525224 1092400060 1096557024 1089554119 1091221649 1094287129 1093440960 1093393229 
Elemento: 222 con un valor de 552.452148

Seleccionamos el elemento 222

*CALCULAMOS SELECCIONADOS: 
368 295 65 279 323 325 136 87 108 170 248 127 103 467 207 387 406 102 296 309 30 484 319 92 230 175 456 353 121 449 141 421 83 474 63 222 1090057876 1092250145 1095952163 1092008217 1095667622 1091553628 1093525224 1092400060 1096557024 1089554119 1091221649 1094287129 1093440960 1093393229 
Elemento: 329 con un valor de 568.538147

Seleccionamos el elemento 329

*CALCULAMOS SELECCIONADOS: 
368 295 65 279 323 325 136 87 108 170 248 127 103 467 207 387 406 102 296 309 30 484 319 92 230 175 456 353 121 449 141 421 83 474 63 222 329 1092250145 1095952163 1092008217 1095667622 1091553628 1093525224 1092400060 1096557024 1089554119 1091221649 1094287129 1093440960 1093393229 
Elemento: 105 con un valor de 580.891724

Seleccionamos el elemento 105

*CALCULAMOS SELECCIONADOS: 
368 295 65 279 323 325 136 87 108 170 248 127 103 467 207 387 406 102 296 309 30 484 319 92 230 175 456 353 121 449 141 421 83 474 63 222 329 105 1095952163 1092008217 1095667622 1091553628 1093525224 1092400060 1096557024 1089554119 1091221649 1094287129 1093440960 1093393229 
Elemento: 351 con un valor de 597.476196

Seleccionamos el elemento 351

*CALCULAMOS SELECCIONADOS: 
368 295 65 279 323 325 136 87 108 170 248 127 103 467 207 387 406 102 296 309 30 484 319 92 230 175 456 353 121 449 141 421 83 474 63 222 329 105 351 1092008217 1095667622 1091553628 1093525224 1092400060 1096557024 1089554119 1091221649 1094287129 1093440960 1093393229 
Elemento: 78 con un valor de 609.002258

Seleccionamos el elemento 78

*CALCULAMOS SELECCIONADOS: 
368 295 65 279 323 325 136 87 108 170 248 127 103 467 207 387 406 102 296 309 30 484 319 92 230 175 456 353 121 449 141 421 83 474 63 222 329 105 351 78 1095667622 1091553628 1093525224 1092400060 1096557024 1089554119 1091221649 1094287129 1093440960 1093393229 
Elemento: 198 con un valor de 624.175476

Seleccionamos el elemento 198

*CALCULAMOS SELECCIONADOS: 
368 295 65 279 323 325 136 87 108 170 248 127 103 467 207 387 406 102 296 309 30 484 319 92 230 175 456 353 121 449 141 421 83 474 63 222 329 105 351 78 198 1091553628 1093525224 1092400060 1096557024 1089554119 1091221649 1094287129 1093440960 1093393229 
Elemento: 186 con un valor de 641.100159

Seleccionamos el elemento 186

*CALCULAMOS SELECCIONADOS: 
368 295 65 279 323 325 136 87 108 170 248 127 103 467 207 387 406 102 296 309 30 484 319 92 230 175 456 353 121 449 141 421 83 474 63 222 329 105 351 78 198 186 1093525224 1092400060 1096557024 1089554119 1091221649 1094287129 1093440960 1093393229 
Elemento: 427 con un valor de 653.365295

Seleccionamos el elemento 427

*CALCULAMOS SELECCIONADOS: 
368 295 65 279 323 325 136 87 108 170 248 127 103 467 207 387 406 102 296 309 30 484 319 92 230 175 456 353 121 449 141 421 83 474 63 222 329 105 351 78 198 186 427 1092400060 1096557024 1089554119 1091221649 1094287129 1093440960 1093393229 
Elemento: 282 con un valor de 667.360962

Seleccionamos el elemento 282

*CALCULAMOS SELECCIONADOS: 
368 295 65 279 323 325 136 87 108 170 248 127 103 467 207 387 406 102 296 309 30 484 319 92 230 175 456 353 121 449 141 421 83 474 63 222 329 105 351 78 198 186 427 282 1096557024 1089554119 1091221649 1094287129 1093440960 1093393229 
Elemento: 378 con un valor de 682.913330

Seleccionamos el elemento 378

*CALCULAMOS SELECCIONADOS: 
368 295 65 279 323 325 136 87 108 170 248 127 103 467 207 387 406 102 296 309 30 484 319 92 230 175 456 353 121 449 141 421 83 474 63 222 329 105 351 78 198 186 427 282 378 1089554119 1091221649 1094287129 1093440960 1093393229 
Elemento: 391 con un valor de 700.656006

Seleccionamos el elemento 391

*CALCULAMOS SELECCIONADOS: 
368 295 65 279 323 325 136 87 108 170 248 127 103 467 207 387 406 102 296 309 30 484 319 92 230 175 456 353 121 449 141 421 83 474 63 222 329 105 351 78 198 186 427 282 378 391 1091221649 1094287129 1093440960 1093393229 
Elemento: 75 con un valor de 715.213318

Seleccionamos el elemento 75

*CALCULAMOS SELECCIONADOS: 
368 295 65 279 323 325 136 87 108 170 248 127 103 467 207 387 406 102 296 309 30 484 319 92 230 175 456 353 121 449 141 421 83 474 63 222 329 105 351 78 198 186 427 282 378 391 75 1094287129 1093440960 1093393229 
Elemento: 328 con un valor de 727.828552

Seleccionamos el elemento 328

*CALCULAMOS SELECCIONADOS: 
368 295 65 279 323 325 136 87 108 170 248 127 103 467 207 387 406 102 296 309 30 484 319 92 230 175 456 353 121 449 141 421 83 474 63 222 329 105 351 78 198 186 427 282 378 391 75 328 1093440960 1093393229 
Elemento: 497 con un valor de 744.193481

Seleccionamos el elemento 497

*CALCULAMOS SELECCIONADOS: 
368 295 65 279 323 325 136 87 108 170 248 127 103 467 207 387 406 102 296 309 30 484 319 92 230 175 456 353 121 449 141 421 83 474 63 222 329 105 351 78 198 186 427 282 378 391 75 328 497 1093393229 
Elemento: 84 con un valor de 758.428772

Seleccionamos el elemento 84

*CALCULAMOS SELECCIONADOS: 
368 295 65 279 323 325 136 87 108 170 248 127 103 467 207 387 406 102 296 309 30 484 319 92 230 175 456 353 121 449 141 421 83 474 63 222 329 105 351 78 198 186 427 282 378 391 75 328 497 84 
Elemento: 268 con un valor de 773.253418

Seleccionamos el elemento 268

Tiempo en realizar el algoritmo: 2.126000 segundos
