ARCHIVO GKD-c_1_n500_m50.txt CON SEMILLA 26532156 UTILIZANDO EL ALGORITMO blocal

*CALCULAMOS SELECCIONADOS: 
368 0 0 0 0 0 945 0 2 0 2 0 -1 0 8240 1095499808 2111536 1162626387 897 0 2112083 0 881 0 0 0 0 0 0 0 0 1093147967 1091274109 1094521392 1095459731 1086252888 1092225126 1090796263 1099234374 1096318798 1096962498 1094959539 1094521832 1098914527 1096502812 1093717081 1095478270 1093399573 1098943127 1095081939 
Elemento: 295 con un valor de 19.493589

Seleccionamos el elemento 295

*CALCULAMOS SELECCIONADOS: 
368 295 29 0 -1 0 913 0 2 0 2 0 -1 959512629 892941625 842412340 536879152 1162626387 865 0 2112083 0 849 0 30 0 30 0 -1 1090796263 1835363397 1869901413 959586362 1868767285 1853169774 1818326560 1679848047 1090527333 785 0 1098943127 1095081939 1098314888 1097996530 1094388464 1093314365 1096281154 1098256356 1097144121 1092875138 
Elemento: 65 con un valor de 35.053032

Seleccionamos el elemento 65

*CALCULAMOS SELECCIONADOS: 
368 295 65 1 32 0 945 0 2 0 2 0 -1 0 8240 1095499808 2111536 1162626387 897 0 2112083 959512629 881 0 1869439342 1818566771 1701602592 1953391981 892739695 775238400 849 0 -1 0 1835363397 1869901413 96 0 817 0 29 0 29 0 -1 1090527333 1835363397 1869901413 892739642 1852793632 
Elemento: 279 con un valor de 51.672600

Seleccionamos el elemento 279

*CALCULAMOS SELECCIONADOS: 
368 295 65 279 32 0 945 0 2 0 2 0 -1 0 8240 1095499808 2111536 1162626387 897 0 2112083 825557049 881 0 -1 1818566771 1835363397 1869901413 96 0 849 0 30 0 30 0 -1 0 1835363397 1869901413 926031930 1868767289 1853169774 1818326560 1679848047 1090527333 785 0 892739642 1852793632 
Elemento: 323 con un valor de 66.335800

Seleccionamos el elemento 323

*CALCULAMOS SELECCIONADOS: 
368 295 65 279 323 0 3355187 808990003 48 0 83 0 40 0 40 0 0 1684960615 759450439 1597071203 808465774 808807775 1954051118 1869373997 762077539 859125298 909455666 1954051118 0 0 83 0 -2144937872 1 -552734650 0 307184 6 0 0 312 0 2 0 0 0 0 0 80 0 
Elemento: 325 con un valor de 87.533348

Seleccionamos el elemento 325

*CALCULAMOS SELECCIONADOS: 
368 295 65 279 323 325 3355187 808990003 48 0 83 0 40 0 40 0 0 1684960615 759450439 1597071203 808465774 808807775 1954051118 1869373997 762077539 859125298 909455666 1954051118 0 0 83 0 -2144937872 1 -552734650 0 307184 6 0 0 312 0 2 0 0 0 0 0 80 0 
Elemento: 136 con un valor de 101.640533

Seleccionamos el elemento 136

*CALCULAMOS SELECCIONADOS: 
368 295 65 279 323 325 136 808990003 48 0 83 0 40 0 40 0 0 1684960615 759450439 1597071203 808465774 808807775 1954051118 1869373997 762077539 859125298 909455666 1954051118 0 0 83 0 -2144937872 1 -552734650 0 307184 6 0 0 312 0 2 0 0 0 0 0 80 0 
Elemento: 87 con un valor de 121.292320

Seleccionamos el elemento 87

*CALCULAMOS SELECCIONADOS: 
368 295 65 279 323 325 136 87 48 0 83 0 40 0 40 0 0 1684960615 759450439 1597071203 808465774 808807775 1954051118 1869373997 762077539 859125298 909455666 1954051118 0 0 83 0 -2144937872 1 -552734650 0 307184 6 0 0 312 0 2 0 0 0 0 0 80 0 
Elemento: 108 con un valor de 134.049881

Seleccionamos el elemento 108

*CALCULAMOS SELECCIONADOS: 
368 295 65 279 323 325 136 87 108 0 66 0 29 0 29 0 -1 1818566771 897 0 2 0 2 0 -1 858849336 943207736 859256624 8244 1162626387 849 0 2112083 0 833 0 30 0 30 0 -1 1868767283 1835363397 1869901413 808525882 1868767288 1853169774 1818326560 1679848047 1845502053 
Elemento: 170 con un valor de 152.653809

Seleccionamos el elemento 170

*CALCULAMOS SELECCIONADOS: 
368 295 65 279 323 325 136 87 108 170 66 0 29 0 29 0 -1 1818566771 897 0 2 0 2 0 -1 858849336 943207736 859256624 8244 1162626387 849 0 2112083 892403760 833 0 -256 0 1835363397 1869901413 96 0 801 0 30 0 30 0 -1 1845502053 
Elemento: 248 con un valor de 168.010269

Seleccionamos el elemento 248

*CALCULAMOS SELECCIONADOS: 
368 295 65 279 323 325 136 87 108 170 248 0 29 0 29 0 -1 1818566771 897 0 2 0 2 0 -1 858849336 943207736 859256624 8244 1162626387 849 0 2112083 909180984 833 0 -256 0 1835363397 1869901413 96 0 801 0 30 0 30 0 -1 1845502053 
Elemento: 127 con un valor de 184.557678

Seleccionamos el elemento 127

*CALCULAMOS SELECCIONADOS: 
368 295 65 279 323 325 136 87 108 170 248 127 29 0 29 0 -1 1818566771 897 0 2 0 2 0 -1 858849336 943207736 859256624 8244 1162626387 849 0 2112083 942735415 833 0 -256 0 1835363397 1869901413 96 0 801 0 30 0 30 0 -1 1845502053 
Elemento: 103 con un valor de 201.405823

Seleccionamos el elemento 103

*CALCULAMOS SELECCIONADOS: 
368 295 65 279 323 325 136 87 108 170 248 127 103 0 29 0 -1 1818566771 897 0 2 0 2 0 -1 858849336 943207736 859256624 8244 1162626387 849 0 2112083 808583219 833 0 -256 0 1835363397 1869901413 96 0 801 0 30 0 30 0 -1 1845502053 
Elemento: 467 con un valor de 218.679092

Seleccionamos el elemento 467

*CALCULAMOS SELECCIONADOS: 
368 295 65 279 323 325 136 87 108 170 248 127 103 467 29 0 -1 1818566771 897 0 2 0 2 0 -1 858849336 943207736 859256624 8244 1162626387 849 0 2112083 825360439 833 0 -256 0 1835363397 1869901413 96 0 801 0 30 0 30 0 -1 1845502053 
Elemento: 207 con un valor de 233.431549

Seleccionamos el elemento 207

*CALCULAMOS SELECCIONADOS: 
368 295 65 279 323 325 136 87 108 170 248 127 103 467 207 0 -1 1818566771 897 0 2 0 2 0 -1 858849336 943207736 859256624 8244 1162626387 849 0 2112083 858914871 833 0 -256 0 1835363397 1869901413 96 0 801 0 30 0 30 0 -1 1845502053 
Elemento: 387 con un valor de 245.142365

Seleccionamos el elemento 387

*CALCULAMOS SELECCIONADOS: 
368 295 65 279 323 325 136 87 108 170 248 127 103 467 207 387 -1 1818566771 897 0 2 0 2 0 -1 858849336 943207736 859256624 8244 1162626387 849 0 2112083 875692087 833 0 -256 0 1835363397 1869901413 96 0 801 0 30 0 30 0 -1 1845502053 
Elemento: 406 con un valor de 262.290161

Seleccionamos el elemento 406

*CALCULAMOS SELECCIONADOS: 
368 295 65 279 323 325 136 87 108 170 248 127 103 467 207 387 406 0 1835363397 1869901413 96 0 801 0 30 0 30 0 -1 1845502053 1835363397 1869901413 808722490 1868767286 753 0 2 0 2 0 -1 1091437393 825831473 926167347 8247 1162626387 705 0 2112083 6 
Elemento: 102 con un valor de 276.742615

Seleccionamos el elemento 102

*CALCULAMOS SELECCIONADOS: 
368 295 65 279 323 325 136 87 108 170 248 127 103 467 207 387 406 102 1835363397 1869901413 96 0 801 0 30 0 30 0 -1 1845502053 1835363397 1869901413 808722490 1868767286 753 0 2 0 2 0 -1 1091437393 825831473 926167347 8247 1162626387 705 0 2112083 926023730 
Elemento: 296 con un valor de 292.713135

Seleccionamos el elemento 296

*CALCULAMOS SELECCIONADOS: 
368 295 65 279 323 325 136 87 108 170 248 127 103 467 207 387 406 102 296 1869901413 96 0 801 0 30 0 30 0 -1 1845502053 1835363397 1869901413 808722490 1868767286 753 0 2 0 2 0 -1 1091437393 825831473 926167347 8247 1162626387 705 0 2112083 959578166 
Elemento: 309 con un valor de 309.029327

Seleccionamos el elemento 309

*CALCULAMOS SELECCIONADOS: 
368 295 65 279 323 325 136 87 108 170 248 127 103 467 207 387 406 102 296 309 96 0 801 0 30 0 30 0 -1 1845502053 1835363397 1869901413 808722490 1868767286 753 0 2 0 2 0 -1 1091437393 825831473 926167347 8247 1162626387 705 0 2112083 808648761 
Elemento: 30 con un valor de 326.007843

Seleccionamos el elemento 30

*CALCULAMOS SELECCIONADOS: 
368 295 65 279 323 325 136 87 108 170 248 127 103 467 207 387 406 102 296 309 30 0 801 0 30 0 30 0 -1 1845502053 1835363397 1869901413 808722490 1868767286 753 0 2 0 2 0 -1 1091437393 825831473 926167347 8247 1162626387 705 0 2112083 909259520 
Elemento: 484 con un valor de 340.670441

Seleccionamos el elemento 484

*CALCULAMOS SELECCIONADOS: 
368 295 65 279 323 325 136 87 108 170 248 127 103 467 207 387 406 102 296 309 30 484 801 0 30 0 30 0 -1 1845502053 1835363397 1869901413 808722490 1868767286 753 0 2 0 2 0 -1 1091437393 825831473 926167347 8247 1162626387 705 0 2112083 875757620 
Elemento: 319 con un valor de 356.098083

Seleccionamos el elemento 319

*CALCULAMOS SELECCIONADOS: 
368 295 65 279 323 325 136 87 108 170 248 127 103 467 207 387 406 102 296 309 30 484 319 0 30 0 30 0 -1 1845502053 1835363397 1869901413 808722490 1868767286 753 0 2 0 2 0 -1 1091437393 825831473 926167347 8247 1162626387 705 0 2112083 892534841 
Elemento: 92 con un valor de 372.136597

Seleccionamos el elemento 92

*CALCULAMOS SELECCIONADOS: 
368 295 65 279 323 325 136 87 108 170 248 127 103 467 207 387 406 102 296 309 30 484 319 92 30 0 30 0 -1 1845502053 1835363397 1869901413 808722490 1868767286 753 0 2 0 2 0 -1 1091437393 825831473 926167347 8247 1162626387 705 0 2112083 842478336 
Elemento: 230 con un valor de 385.728638

Seleccionamos el elemento 230

*CALCULAMOS SELECCIONADOS: 
368 295 65 279 323 325 136 87 108 170 248 127 103 467 207 387 406 102 296 309 30 484 319 92 230 0 30 0 -1 1845502053 1835363397 1869901413 808722490 1868767286 753 0 2 0 2 0 -1 1091437393 825831473 926167347 8247 1162626387 705 0 2112083 942866480 
Elemento: 175 con un valor de 400.391754

Seleccionamos el elemento 175

*CALCULAMOS SELECCIONADOS: 
368 295 65 279 323 325 136 87 108 170 248 127 103 467 207 387 406 102 296 309 30 484 319 92 230 175 30 0 -1 1845502053 1835363397 1869901413 808722490 1868767286 753 0 2 0 2 0 -1 1091437393 825831473 926167347 8247 1162626387 705 0 2112083 808714293 
Elemento: 456 con un valor de 415.758667

Seleccionamos el elemento 456

*CALCULAMOS SELECCIONADOS: 
368 295 65 279 323 325 136 87 108 170 248 127 103 467 207 387 406 102 296 309 30 484 319 92 230 175 456 0 -1 1845502053 1835363397 1869901413 808722490 1868767286 753 0 2 0 2 0 -1 1091437393 825831473 926167347 8247 1162626387 705 0 2112083 825491510 
Elemento: 353 con un valor de 432.817596

Seleccionamos el elemento 353

*CALCULAMOS SELECCIONADOS: 
368 295 65 279 323 325 136 87 108 170 248 127 103 467 207 387 406 102 296 309 30 484 319 92 230 175 456 353 -1 1845502053 1835363397 1869901413 808722490 1868767286 753 0 2 0 2 0 -1 1091437393 825831473 926167347 8247 1162626387 705 0 2112083 859045939 
Elemento: 121 con un valor de 448.957428

Seleccionamos el elemento 121

*CALCULAMOS SELECCIONADOS: 
368 295 65 279 323 325 136 87 108 170 248 127 103 467 207 387 406 102 296 309 30 484 319 92 230 175 456 353 121 1845502053 1835363397 1869901413 808722490 1868767286 753 0 2 0 2 0 -1 1091437393 825831473 926167347 8247 1162626387 705 0 2112083 875823153 
Elemento: 449 con un valor de 460.312378

Seleccionamos el elemento 449

*CALCULAMOS SELECCIONADOS: 
368 295 65 279 323 325 136 87 108 170 248 127 103 467 207 387 406 102 296 309 30 484 319 92 230 175 456 353 121 449 1835363397 1869901413 808722490 1868767286 753 0 2 0 2 0 -1 1091437393 825831473 926167347 8247 1162626387 705 0 2112083 909377593 
Elemento: 141 con un valor de 476.300934

Seleccionamos el elemento 141

*CALCULAMOS SELECCIONADOS: 
368 295 65 279 323 325 136 87 108 170 248 127 103 467 207 387 406 102 296 309 30 484 319 92 230 175 456 353 121 449 141 1869901413 808722490 1868767286 753 0 2 0 2 0 -1 1091437393 825831473 926167347 8247 1162626387 705 0 2112083 926154801 
Elemento: 421 con un valor de 490.724670

Seleccionamos el elemento 421

*CALCULAMOS SELECCIONADOS: 
368 295 65 279 323 325 136 87 108 170 248 127 103 467 207 387 406 102 296 309 30 484 319 92 230 175 456 353 121 449 141 421 808722490 1868767286 753 0 2 0 2 0 -1 1091437393 825831473 926167347 8247 1162626387 705 0 2112083 959709233 
Elemento: 83 con un valor de 507.684326

Seleccionamos el elemento 83

*CALCULAMOS SELECCIONADOS: 
368 295 65 279 323 325 136 87 108 170 248 127 103 467 207 387 406 102 296 309 30 484 319 92 230 175 456 353 121 449 141 421 83 1852793632 544109856 1869373814 1701060722 32 593 0 0 0 0 0 0 0 0 0 0 0 
Elemento: 474 con un valor de 522.487366

Seleccionamos el elemento 474

*CALCULAMOS SELECCIONADOS: 
368 295 65 279 323 325 136 87 108 170 248 127 103 467 207 387 406 102 296 309 30 484 319 92 230 175 456 353 121 449 141 421 83 474 544109856 1869373814 1701060722 32 593 0 0 0 0 0 0 0 0 0 0 0 
Elemento: 63 con un valor de 536.172729

Seleccionamos el elemento 63

*CALCULAMOS SELECCIONADOS: 
368 295 65 279 323 325 136 87 108 170 248 127 103 467 207 387 406 102 296 309 30 484 319 92 230 175 456 353 121 449 141 421 83 474 63 1869373814 1701060722 32 593 0 0 0 0 0 0 0 0 0 0 0 
Elemento: 222 con un valor de 552.452148

Seleccionamos el elemento 222

*CALCULAMOS SELECCIONADOS: 
368 295 65 279 323 325 136 87 108 170 248 127 103 467 207 387 406 102 296 309 30 484 319 92 230 175 456 353 121 449 141 421 83 474 63 222 1701060722 32 593 0 0 0 0 0 0 0 0 0 0 0 
Elemento: 329 con un valor de 568.538147

Seleccionamos el elemento 329

*CALCULAMOS SELECCIONADOS: 
368 295 65 279 323 325 136 87 108 170 248 127 103 467 207 387 406 102 296 309 30 484 319 92 230 175 456 353 121 449 141 421 83 474 63 222 329 32 593 0 0 0 0 0 0 0 0 0 0 0 
Elemento: 105 con un valor de 580.891724

Seleccionamos el elemento 105

*CALCULAMOS SELECCIONADOS: 
368 295 65 279 323 325 136 87 108 170 248 127 103 467 207 387 406 102 296 309 30 484 319 92 230 175 456 353 121 449 141 421 83 474 63 222 329 105 593 0 0 0 0 0 0 0 0 0 0 0 
Elemento: 351 con un valor de 597.476196

Seleccionamos el elemento 351

*CALCULAMOS SELECCIONADOS: 
368 295 65 279 323 325 136 87 108 170 248 127 103 467 207 387 406 102 296 309 30 484 319 92 230 175 456 353 121 449 141 421 83 474 63 222 329 105 351 0 0 0 0 0 0 0 0 0 0 0 
Elemento: 78 con un valor de 609.002258

Seleccionamos el elemento 78

*CALCULAMOS SELECCIONADOS: 
368 295 65 279 323 325 136 87 108 170 248 127 103 467 207 387 406 102 296 309 30 484 319 92 230 175 456 353 121 449 141 421 83 474 63 222 329 105 351 78 0 0 0 0 0 0 0 0 0 0 
Elemento: 198 con un valor de 624.175476

Seleccionamos el elemento 198

*CALCULAMOS SELECCIONADOS: 
368 295 65 279 323 325 136 87 108 170 248 127 103 467 207 387 406 102 296 309 30 484 319 92 230 175 456 353 121 449 141 421 83 474 63 222 329 105 351 78 198 0 0 0 0 0 0 0 0 0 
Elemento: 186 con un valor de 641.100159

Seleccionamos el elemento 186

*CALCULAMOS SELECCIONADOS: 
368 295 65 279 323 325 136 87 108 170 248 127 103 467 207 387 406 102 296 309 30 484 319 92 230 175 456 353 121 449 141 421 83 474 63 222 329 105 351 78 198 186 0 0 0 0 0 0 0 0 
Elemento: 427 con un valor de 653.365295

Seleccionamos el elemento 427

*CALCULAMOS SELECCIONADOS: 
368 295 65 279 323 325 136 87 108 170 248 127 103 467 207 387 406 102 296 309 30 484 319 92 230 175 456 353 121 449 141 421 83 474 63 222 329 105 351 78 198 186 427 0 0 0 0 0 0 0 
Elemento: 282 con un valor de 667.360962

Seleccionamos el elemento 282

*CALCULAMOS SELECCIONADOS: 
368 295 65 279 323 325 136 87 108 170 248 127 103 467 207 387 406 102 296 309 30 484 319 92 230 175 456 353 121 449 141 421 83 474 63 222 329 105 351 78 198 186 427 282 0 0 0 0 0 0 
Elemento: 378 con un valor de 682.913330

Seleccionamos el elemento 378

*CALCULAMOS SELECCIONADOS: 
368 295 65 279 323 325 136 87 108 170 248 127 103 467 207 387 406 102 296 309 30 484 319 92 230 175 456 353 121 449 141 421 83 474 63 222 329 105 351 78 198 186 427 282 378 0 0 0 0 0 
Elemento: 391 con un valor de 700.656006

Seleccionamos el elemento 391

*CALCULAMOS SELECCIONADOS: 
368 295 65 279 323 325 136 87 108 170 248 127 103 467 207 387 406 102 296 309 30 484 319 92 230 175 456 353 121 449 141 421 83 474 63 222 329 105 351 78 198 186 427 282 378 391 0 0 0 0 
Elemento: 75 con un valor de 715.213318

Seleccionamos el elemento 75

*CALCULAMOS SELECCIONADOS: 
368 295 65 279 323 325 136 87 108 170 248 127 103 467 207 387 406 102 296 309 30 484 319 92 230 175 456 353 121 449 141 421 83 474 63 222 329 105 351 78 198 186 427 282 378 391 75 0 0 0 
Elemento: 328 con un valor de 727.828552

Seleccionamos el elemento 328

*CALCULAMOS SELECCIONADOS: 
368 295 65 279 323 325 136 87 108 170 248 127 103 467 207 387 406 102 296 309 30 484 319 92 230 175 456 353 121 449 141 421 83 474 63 222 329 105 351 78 198 186 427 282 378 391 75 328 0 0 
Elemento: 497 con un valor de 744.193481

Seleccionamos el elemento 497

*CALCULAMOS SELECCIONADOS: 
368 295 65 279 323 325 136 87 108 170 248 127 103 467 207 387 406 102 296 309 30 484 319 92 230 175 456 353 121 449 141 421 83 474 63 222 329 105 351 78 198 186 427 282 378 391 75 328 497 0 
Elemento: 84 con un valor de 758.428772

Seleccionamos el elemento 84

*CALCULAMOS SELECCIONADOS: 
368 295 65 279 323 325 136 87 108 170 248 127 103 467 207 387 406 102 296 309 30 484 319 92 230 175 456 353 121 449 141 421 83 474 63 222 329 105 351 78 198 186 427 282 378 391 75 328 497 84 
Elemento: 268 con un valor de 773.253418

Seleccionamos el elemento 268

Tiempo en realizar el algoritmo: 0.219000 segundos
