ARCHIVO GKD-c_1_n500_m50.txt CON SEMILLA 26532156 UTILIZANDO EL ALGORITMO greedy

*CALCULAMOS SELECCIONADOS: 
368 1 -2144485464 1 32 0 51 0 308152 6 307480 6 -1 0 0 0 48 0 67 0 20 0 20 0 1 0 759450439 1597071203 808465774 808807775 1954051118 0 0 0 83 0 40 0 40 0 0 6 759450439 1597071203 808465774 808807775 1954051118 1701996333 762930277 859125298 
Elemento: 295 con un valor de 19.493589

Seleccionamos el elemento 295

*CALCULAMOS SELECCIONADOS: 
368 295 -2144485432 1 -1 0 417 0 -2144485432 1 -2144485432 1 -1 0 872415280 942814513 48 0 50 0 2 0 2 0 -1 959512629 892941625 842412340 536879152 0 321 0 96 0 305 0 30 0 30 0 -1 0 1835363397 1869901413 959586362 1868767285 1853169774 1818326560 1679848047 8293 
Elemento: 65 con un valor de 35.053032

Seleccionamos el elemento 65

*CALCULAMOS SELECCIONADOS: 
368 295 65 1 32 0 51 0 308152 6 307480 6 -1 0 0 0 48 0 67 0 20 0 20 0 1 0 759450439 1597071203 808465774 808807775 1954051118 0 0 0 83 0 40 0 40 0 0 6 759450439 1597071203 808465774 808807775 1954051118 1701996333 762930277 859125298 
Elemento: 279 con un valor de 51.672600

Seleccionamos el elemento 279

*CALCULAMOS SELECCIONADOS: 
368 295 65 279 32 0 51 0 308152 6 307480 6 -1 0 0 0 48 0 67 0 20 0 20 0 1 0 759450439 1597071203 808465774 808807775 1954051118 0 0 0 83 0 40 0 40 0 0 6 759450439 1597071203 808465774 808807775 1954051118 1701996333 762930277 859125298 
Elemento: 323 con un valor de 66.335800

Seleccionamos el elemento 323

*CALCULAMOS SELECCIONADOS: 
368 295 65 279 323 0 3355187 808990003 48 0 401 0 -2144485432 1 -2144485432 1 -1 0 872415280 942814513 48 0 50 0 2 0 2 0 -1 1818566771 942749745 876034356 8246 0 305 0 30 0 289 0 -1 0 1835363397 1869901413 842211386 1868767283 1853169774 1818326560 1679848047 8293 
Elemento: 325 con un valor de 87.533348

Seleccionamos el elemento 325

*CALCULAMOS SELECCIONADOS: 
368 295 65 279 323 325 3355187 808990003 48 0 401 0 -2144485432 1 -2144485432 1 -1 0 872415280 942814513 48 0 50 0 2 0 2 0 -1 1818566771 942749745 876034356 8246 1818566656 305 0 842211439 926416949 289 0 -1 0 1835363397 1869901413 96 0 257 0 30 0 
Elemento: 136 con un valor de 101.640533

Seleccionamos el elemento 136

*CALCULAMOS SELECCIONADOS: 
368 295 65 279 323 325 136 808990003 48 0 401 0 -2144485432 1 -2144485432 1 -1 0 872415280 942814513 48 0 50 0 2 0 2 0 -1 1818566771 942749745 876034356 8246 1818566656 305 0 858857583 808517686 289 0 -256 0 1835363397 1869901413 96 0 257 0 30 0 
Elemento: 87 con un valor de 121.292320

Seleccionamos el elemento 87

*CALCULAMOS SELECCIONADOS: 
368 295 65 279 323 325 136 87 48 0 401 0 -2144485432 1 -2144485432 1 -1 0 872415280 942814513 48 0 50 0 2 0 2 0 -1 1818566771 942749745 876034356 8246 1818566656 305 0 926425199 825372928 289 0 -1 0 1835363397 1869901413 96 0 257 0 29 0 
Elemento: 108 con un valor de 134.049881

Seleccionamos el elemento 108

*CALCULAMOS SELECCIONADOS: 
368 295 65 279 323 325 136 87 108 0 66 0 29 0 29 0 -1 1818566771 321 0 2 0 2 0 -1 858849336 943207736 859256624 8244 1162626387 273 0 2112083 0 257 0 30 0 30 0 -1 1852793632 1835363397 1869901413 808525882 1868767288 1853169774 1818326560 1679848047 8293 
Elemento: 170 con un valor de 152.653809

Seleccionamos el elemento 170

*CALCULAMOS SELECCIONADOS: 
368 295 65 279 323 325 136 87 108 170 66 0 29 0 29 0 -1 1818566771 321 0 2 0 2 0 -1 858849336 943207736 859256624 8244 1162626387 273 0 2112083 892403760 257 0 -256 0 1835363397 1869901413 96 0 225 0 30 0 30 0 -1 8293 
Elemento: 248 con un valor de 168.010269

Seleccionamos el elemento 248

*CALCULAMOS SELECCIONADOS: 
368 295 65 279 323 325 136 87 108 170 248 0 29 0 29 0 -1 1818566771 321 0 2 0 2 0 -1 858849336 943207736 859256624 8244 1162626387 273 0 2112083 909180984 257 0 -256 0 1835363397 1869901413 96 0 225 0 30 0 30 0 -1 8293 
Elemento: 127 con un valor de 184.557678

Seleccionamos el elemento 127

*CALCULAMOS SELECCIONADOS: 
368 295 65 279 323 325 136 87 108 170 248 127 29 0 29 0 -1 1818566771 321 0 2 0 2 0 -1 858849336 943207736 859256624 8244 1162626387 273 0 2112083 942735415 257 0 -256 0 1835363397 1869901413 96 0 225 0 30 0 30 0 -1 8293 
Elemento: 103 con un valor de 201.405823

Seleccionamos el elemento 103

*CALCULAMOS SELECCIONADOS: 
368 295 65 279 323 325 136 87 108 170 248 127 103 0 29 0 -1 1818566771 321 0 2 0 2 0 -1 858849336 943207736 859256624 8244 1162626387 273 0 2112083 808583219 257 0 -256 0 1835363397 1869901413 96 0 225 0 30 0 30 0 -1 8293 
Elemento: 467 con un valor de 218.679092

Seleccionamos el elemento 467

*CALCULAMOS SELECCIONADOS: 
368 295 65 279 323 325 136 87 108 170 248 127 103 467 29 0 -1 1818566771 321 0 2 0 2 0 -1 858849336 943207736 859256624 8244 1162626387 273 0 2112083 825360439 257 0 -256 0 1835363397 1869901413 96 0 225 0 30 0 30 0 -1 8293 
Elemento: 207 con un valor de 233.431549

Seleccionamos el elemento 207

*CALCULAMOS SELECCIONADOS: 
368 295 65 279 323 325 136 87 108 170 248 127 103 467 207 0 -1 1818566771 321 0 2 0 2 0 -1 858849336 943207736 859256624 8244 1162626387 273 0 2112083 858914871 257 0 -256 0 1835363397 1869901413 96 0 225 0 30 0 30 0 -1 8293 
Elemento: 387 con un valor de 245.142365

Seleccionamos el elemento 387

*CALCULAMOS SELECCIONADOS: 
368 295 65 279 323 325 136 87 108 170 248 127 103 467 207 387 -1 1818566771 321 0 2 0 2 0 -1 858849336 943207736 859256624 8244 1162626387 273 0 2112083 875692087 257 0 -256 0 1835363397 1869901413 96 0 225 0 30 0 30 0 -1 8293 
Elemento: 406 con un valor de 262.290161

Seleccionamos el elemento 406

*CALCULAMOS SELECCIONADOS: 
368 295 65 279 323 325 136 87 108 170 248 127 103 467 207 387 406 0 1835363397 1869901413 96 0 225 0 30 0 30 0 -1 8293 1835363397 1869901413 808722490 1868767286 177 0 -2144485432 1 -2144485432 1 -1 0 872415280 942814513 48 0 50 0 2 0 
Elemento: 102 con un valor de 276.742615

Seleccionamos el elemento 102

*CALCULAMOS SELECCIONADOS: 
368 295 65 279 323 325 136 87 108 170 248 127 103 467 207 387 406 102 1835363397 1869901413 96 0 225 0 30 0 30 0 -1 8293 1835363397 1869901413 808722490 1868767286 177 0 -2144485432 1 -2144485432 1 -1 0 872415280 942814513 48 0 50 0 2 0 
Elemento: 296 con un valor de 292.713135

Seleccionamos el elemento 296

*CALCULAMOS SELECCIONADOS: 
368 295 65 279 323 325 136 87 108 170 248 127 103 467 207 387 406 102 296 1869901413 96 0 225 0 30 0 30 0 -1 8293 1835363397 1869901413 808722490 1868767286 177 0 -2144485432 1 -2144485432 1 -1 0 872415280 942814513 48 0 50 0 2 0 
Elemento: 309 con un valor de 309.029327

Seleccionamos el elemento 309

*CALCULAMOS SELECCIONADOS: 
368 295 65 279 323 325 136 87 108 170 248 127 103 467 207 387 406 102 296 309 96 0 225 0 30 0 30 0 -1 8293 1835363397 1869901413 808722490 1868767286 177 0 -2144485432 1 -2144485432 1 -1 0 872415280 942814513 48 0 50 0 2 0 
Elemento: 30 con un valor de 326.007843

Seleccionamos el elemento 30

*CALCULAMOS SELECCIONADOS: 
368 295 65 279 323 325 136 87 108 170 248 127 103 467 207 387 406 102 296 309 30 0 225 0 30 0 30 0 -1 8293 1835363397 1869901413 808722490 1868767286 177 0 -2144485432 1 -2144485432 1 -1 0 872415280 942814513 48 0 50 0 2 0 
Elemento: 484 con un valor de 340.670441

Seleccionamos el elemento 484

*CALCULAMOS SELECCIONADOS: 
368 295 65 279 323 325 136 87 108 170 248 127 103 467 207 387 406 102 296 309 30 484 225 0 30 0 30 0 -1 8293 1835363397 1869901413 808722490 1868767286 177 0 -2144485432 1 -2144485432 1 -1 0 872415280 942814513 48 0 50 0 2 0 
Elemento: 319 con un valor de 356.098083

Seleccionamos el elemento 319

*CALCULAMOS SELECCIONADOS: 
368 295 65 279 323 325 136 87 108 170 248 127 103 467 207 387 406 102 296 309 30 484 319 0 30 0 30 0 -1 8293 1835363397 1869901413 808722490 1868767286 177 0 -2144485432 1 -2144485432 1 -1 0 872415280 942814513 48 0 50 0 2 0 
Elemento: 92 con un valor de 372.136597

Seleccionamos el elemento 92

*CALCULAMOS SELECCIONADOS: 
368 295 65 279 323 325 136 87 108 170 248 127 103 467 207 387 406 102 296 309 30 484 319 92 30 0 30 0 -1 8293 1835363397 1869901413 808722490 1868767286 177 0 -2144485432 1 -2144485432 1 -1 0 872415280 942814513 48 0 50 0 2 0 
Elemento: 230 con un valor de 385.728638

Seleccionamos el elemento 230

*CALCULAMOS SELECCIONADOS: 
368 295 65 279 323 325 136 87 108 170 248 127 103 467 207 387 406 102 296 309 30 484 319 92 230 0 30 0 -1 8293 1835363397 1869901413 808722490 1868767286 177 0 -2144485432 1 -2144485432 1 -1 0 872415280 942814513 48 0 50 0 2 0 
Elemento: 175 con un valor de 400.391754

Seleccionamos el elemento 175

*CALCULAMOS SELECCIONADOS: 
368 295 65 279 323 325 136 87 108 170 248 127 103 467 207 387 406 102 296 309 30 484 319 92 230 175 30 0 -1 8293 1835363397 1869901413 808722490 1868767286 177 0 -2144485432 1 -2144485432 1 -1 0 872415280 942814513 48 0 50 0 2 0 
Elemento: 456 con un valor de 415.758667

Seleccionamos el elemento 456

*CALCULAMOS SELECCIONADOS: 
368 295 65 279 323 325 136 87 108 170 248 127 103 467 207 387 406 102 296 309 30 484 319 92 230 175 456 0 -1 8293 1835363397 1869901413 808722490 1868767286 177 0 -2144485432 1 -2144485432 1 -1 0 872415280 942814513 48 0 50 0 2 0 
Elemento: 353 con un valor de 432.817596

Seleccionamos el elemento 353

*CALCULAMOS SELECCIONADOS: 
368 295 65 279 323 325 136 87 108 170 248 127 103 467 207 387 406 102 296 309 30 484 319 92 230 175 456 353 -1 8293 1835363397 1869901413 808722490 1868767286 177 0 -2144485432 1 -2144485432 1 -1 0 872415280 942814513 48 0 50 0 2 0 
Elemento: 121 con un valor de 448.957428

Seleccionamos el elemento 121

*CALCULAMOS SELECCIONADOS: 
368 295 65 279 323 325 136 87 108 170 248 127 103 467 207 387 406 102 296 309 30 484 319 92 230 175 456 353 121 8293 1835363397 1869901413 808722490 1868767286 177 0 -2144485432 1 -2144485432 1 -1 0 872415280 942814513 48 0 50 0 2 0 
Elemento: 449 con un valor de 460.312378

Seleccionamos el elemento 449

*CALCULAMOS SELECCIONADOS: 
368 295 65 279 323 325 136 87 108 170 248 127 103 467 207 387 406 102 296 309 30 484 319 92 230 175 456 353 121 449 1835363397 1869901413 808722490 1868767286 177 0 -2144485432 1 -2144485432 1 -1 0 872415280 942814513 48 0 50 0 2 0 
Elemento: 141 con un valor de 476.300934

Seleccionamos el elemento 141

*CALCULAMOS SELECCIONADOS: 
368 295 65 279 323 325 136 87 108 170 248 127 103 467 207 387 406 102 296 309 30 484 319 92 230 175 456 353 121 449 141 1869901413 808722490 1868767286 177 0 -2144485432 1 -2144485432 1 -1 0 872415280 942814513 48 0 50 0 2 0 
Elemento: 421 con un valor de 490.724670

Seleccionamos el elemento 421

*CALCULAMOS SELECCIONADOS: 
368 295 65 279 323 325 136 87 108 170 248 127 103 467 207 387 406 102 296 309 30 484 319 92 230 175 456 353 121 449 141 421 808722490 1868767286 177 0 -2144485432 1 -2144485432 1 -1 0 872415280 942814513 48 0 50 0 2 0 
Elemento: 83 con un valor de 507.684326

Seleccionamos el elemento 83

*CALCULAMOS SELECCIONADOS: 
368 295 65 279 323 325 136 87 108 170 248 127 103 467 207 387 406 102 296 309 30 484 319 92 230 175 456 353 121 449 141 421 83 1091310715 1094668266 1092990156 1093769626 1094261324 1093472512 1096096971 1093454078 1096329640 1091504492 1092949587 1097403329 1099614792 1094149325 1093757336 1091496858 1096211057 
Elemento: 474 con un valor de 522.487366

Seleccionamos el elemento 474

*CALCULAMOS SELECCIONADOS: 
368 295 65 279 323 325 136 87 108 170 248 127 103 467 207 387 406 102 296 309 30 484 319 92 230 175 456 353 121 449 141 421 83 474 1094668266 1092990156 1093769626 1094261324 1093472512 1096096971 1093454078 1096329640 1091504492 1092949587 1097403329 1099614792 1094149325 1093757336 1091496858 1096211057 
Elemento: 63 con un valor de 536.172729

Seleccionamos el elemento 63

*CALCULAMOS SELECCIONADOS: 
368 295 65 279 323 325 136 87 108 170 248 127 103 467 207 387 406 102 296 309 30 484 319 92 230 175 456 353 121 449 141 421 83 474 63 1092990156 1093769626 1094261324 1093472512 1096096971 1093454078 1096329640 1091504492 1092949587 1097403329 1099614792 1094149325 1093757336 1091496858 1096211057 
Elemento: 222 con un valor de 552.452148

Seleccionamos el elemento 222

*CALCULAMOS SELECCIONADOS: 
368 295 65 279 323 325 136 87 108 170 248 127 103 467 207 387 406 102 296 309 30 484 319 92 230 175 456 353 121 449 141 421 83 474 63 222 1093769626 1094261324 1093472512 1096096971 1093454078 1096329640 1091504492 1092949587 1097403329 1099614792 1094149325 1093757336 1091496858 1096211057 
Elemento: 329 con un valor de 568.538147

Seleccionamos el elemento 329

*CALCULAMOS SELECCIONADOS: 
368 295 65 279 323 325 136 87 108 170 248 127 103 467 207 387 406 102 296 309 30 484 319 92 230 175 456 353 121 449 141 421 83 474 63 222 329 1094261324 1093472512 1096096971 1093454078 1096329640 1091504492 1092949587 1097403329 1099614792 1094149325 1093757336 1091496858 1096211057 
Elemento: 105 con un valor de 580.891724

Seleccionamos el elemento 105

*CALCULAMOS SELECCIONADOS: 
368 295 65 279 323 325 136 87 108 170 248 127 103 467 207 387 406 102 296 309 30 484 319 92 230 175 456 353 121 449 141 421 83 474 63 222 329 105 1093472512 1096096971 1093454078 1096329640 1091504492 1092949587 1097403329 1099614792 1094149325 1093757336 1091496858 1096211057 
Elemento: 351 con un valor de 597.476196

Seleccionamos el elemento 351

*CALCULAMOS SELECCIONADOS: 
368 295 65 279 323 325 136 87 108 170 248 127 103 467 207 387 406 102 296 309 30 484 319 92 230 175 456 353 121 449 141 421 83 474 63 222 329 105 351 1096096971 1093454078 1096329640 1091504492 1092949587 1097403329 1099614792 1094149325 1093757336 1091496858 1096211057 
Elemento: 78 con un valor de 609.002258

Seleccionamos el elemento 78

*CALCULAMOS SELECCIONADOS: 
368 295 65 279 323 325 136 87 108 170 248 127 103 467 207 387 406 102 296 309 30 484 319 92 230 175 456 353 121 449 141 421 83 474 63 222 329 105 351 78 1093454078 1096329640 1091504492 1092949587 1097403329 1099614792 1094149325 1093757336 1091496858 1096211057 
Elemento: 198 con un valor de 624.175476

Seleccionamos el elemento 198

*CALCULAMOS SELECCIONADOS: 
368 295 65 279 323 325 136 87 108 170 248 127 103 467 207 387 406 102 296 309 30 484 319 92 230 175 456 353 121 449 141 421 83 474 63 222 329 105 351 78 198 1096329640 1091504492 1092949587 1097403329 1099614792 1094149325 1093757336 1091496858 1096211057 
Elemento: 186 con un valor de 641.100159

Seleccionamos el elemento 186

*CALCULAMOS SELECCIONADOS: 
368 295 65 279 323 325 136 87 108 170 248 127 103 467 207 387 406 102 296 309 30 484 319 92 230 175 456 353 121 449 141 421 83 474 63 222 329 105 351 78 198 186 1091504492 1092949587 1097403329 1099614792 1094149325 1093757336 1091496858 1096211057 
Elemento: 427 con un valor de 653.365295

Seleccionamos el elemento 427

*CALCULAMOS SELECCIONADOS: 
368 295 65 279 323 325 136 87 108 170 248 127 103 467 207 387 406 102 296 309 30 484 319 92 230 175 456 353 121 449 141 421 83 474 63 222 329 105 351 78 198 186 427 1092949587 1097403329 1099614792 1094149325 1093757336 1091496858 1096211057 
Elemento: 282 con un valor de 667.360962

Seleccionamos el elemento 282

*CALCULAMOS SELECCIONADOS: 
368 295 65 279 323 325 136 87 108 170 248 127 103 467 207 387 406 102 296 309 30 484 319 92 230 175 456 353 121 449 141 421 83 474 63 222 329 105 351 78 198 186 427 282 1097403329 1099614792 1094149325 1093757336 1091496858 1096211057 
Elemento: 378 con un valor de 682.913330

Seleccionamos el elemento 378

*CALCULAMOS SELECCIONADOS: 
368 295 65 279 323 325 136 87 108 170 248 127 103 467 207 387 406 102 296 309 30 484 319 92 230 175 456 353 121 449 141 421 83 474 63 222 329 105 351 78 198 186 427 282 378 1099614792 1094149325 1093757336 1091496858 1096211057 
Elemento: 391 con un valor de 700.656006

Seleccionamos el elemento 391

*CALCULAMOS SELECCIONADOS: 
368 295 65 279 323 325 136 87 108 170 248 127 103 467 207 387 406 102 296 309 30 484 319 92 230 175 456 353 121 449 141 421 83 474 63 222 329 105 351 78 198 186 427 282 378 391 1094149325 1093757336 1091496858 1096211057 
Elemento: 75 con un valor de 715.213318

Seleccionamos el elemento 75

*CALCULAMOS SELECCIONADOS: 
368 295 65 279 323 325 136 87 108 170 248 127 103 467 207 387 406 102 296 309 30 484 319 92 230 175 456 353 121 449 141 421 83 474 63 222 329 105 351 78 198 186 427 282 378 391 75 1093757336 1091496858 1096211057 
Elemento: 328 con un valor de 727.828552

Seleccionamos el elemento 328

*CALCULAMOS SELECCIONADOS: 
368 295 65 279 323 325 136 87 108 170 248 127 103 467 207 387 406 102 296 309 30 484 319 92 230 175 456 353 121 449 141 421 83 474 63 222 329 105 351 78 198 186 427 282 378 391 75 328 1091496858 1096211057 
Elemento: 497 con un valor de 744.193481

Seleccionamos el elemento 497

*CALCULAMOS SELECCIONADOS: 
368 295 65 279 323 325 136 87 108 170 248 127 103 467 207 387 406 102 296 309 30 484 319 92 230 175 456 353 121 449 141 421 83 474 63 222 329 105 351 78 198 186 427 282 378 391 75 328 497 1096211057 
Elemento: 84 con un valor de 758.428772

Seleccionamos el elemento 84

*CALCULAMOS SELECCIONADOS: 
368 295 65 279 323 325 136 87 108 170 248 127 103 467 207 387 406 102 296 309 30 484 319 92 230 175 456 353 121 449 141 421 83 474 63 222 329 105 351 78 198 186 427 282 378 391 75 328 497 84 
Elemento: 268 con un valor de 773.253418

Seleccionamos el elemento 268

COSTE GREEDY: 19457.580078

Tiempo en realizar el algoritmo: 0.156000 segundos
